(820, 303) (695, 334) (686, 29) 63.93900426024007 88.30979532567864
(386, 334) (325, 273) (386, 273) 90.0 -0.0
(263, 200) (325, 261) (264, 261) 89.06080905426442 0.0
(177, 228) (228, 200) (228, 261) 32.9052429229879 -90.0
(11, 575) (3, 499) (54, 532) -45.0 32.9052429229879
(180, 719) (136, 700) (180, 658) 90.0 -43.66778014613036
(1095, 658) (1034, 719) (1034, 658) 0.0 90.0
(1034, 303) (1095, 364) (1034, 364) -90.0 0.0

(50.9978, 35.1377), (24.6355, 61.5), (61.5, 24.6355), 
(2.92, 152.1191), (4.92, 154.1191), (154.1191, 2.92), 
(4.92, 162.1191), (2.92, 164.1191), (164.1191, 2.92), 
(149.5242, 167.9026), (159.6654, 157.7614), (157.7614, 159.6654), 
(349.8672, 149.7014), (351.8672, 147.7014), (147.7014, 351.8672)